2 0.8481481484375 0.9433333328125 0.8388888890624999 0.9833333328125 0.8425925921875 0.9966666671875 0.9981481484374999 0.9966666671875 0.9981481484374999 0.6599999999999999 0.8925925921875001 0.6366666671875 0.8222222218749999 0.7 0.8203703703125 0.7466666671875 0.8444444437499999 0.8133333328125 0.840740740625 0.8833333328125 0.8481481484375 0.9433333328125
2 0.8388888890624999 0.9833333328125 0.8481481484375 0.9266666671875001 0.8388888890624999 0.89 0.85555555625 0.8466666671875 0.840740740625 0.7966666671875 0.83148148125 0.72 0.7981481484375 0.7033333328125 0.7240740734375 0.7033333328125 0.6574074078125001 0.6833333328125 0.5944444437499999 0.74 0.609259259375 0.9933333328125 0.8296296296874999 0.9966666671875 0.8388888890624999 0.9833333328125
2 0.6 0.9933333328125 0.5925925921874999 0.7833333328125 0.58148148125 0.7366666671875 0.5629629625 0.7366666671875 0.559259259375 0.75 0.5370370375 0.76 0.49259259218749996 0.76 0.440740740625 0.73 0.41851851875 0.6866666671874999 0.39074074062499997 0.7 0.38333333281250004 0.7533333328125 0.3851851859375 0.9800000000000001 0.39074074062499997 0.9966666671875 0.6 0.9933333328125
2 0.377777778125 0.8466666671875 0.36296296250000004 0.71 0.2870370375 0.7233333328125 0.1888888890625 0.6733333328125 0.1851851859375 0.7266666671875 0.15 0.9133333328125 0.1481481484375 0.9466666671875 0.177777778125 0.9966666671875 0.3703703703125 0.9966666671875 0.377777778125 0.8466666671875
2 0 0.9966666671875 0.10370370312499999 0.9966666671875 0.14444444375 0.9533333328125 0.1518518515625 0.8766666671875001 0.17962962968750001 0.7366666671875 0.17962962968750001 0.6866666671874999 0.15555555625 0.67 0.13148148125 0.6866666671874999 0 0.71 0 0.9966666671875
2 0 0.7033333328125 0.0296296296875 0.71 0.09444444375 0.6966666671875 0.14444444375 0.6733333328125 0.1666666671875 0.65 0.1888888890625 0.43333333281249997 0.18148148125000002 0.36 0.1666666671875 0.3333333328125 0.1481481484375 0.3233333328125 0.055555556250000006 0.3266666671875 0.009259259374999999 0.3133333328125 0 0.3133333328125 0 0.7033333328125
2 0.3111111109375 0.7166666671875 0.403703703125 0.6833333328125 0.4129629625 0.6733333328125 0.40555555625000006 0.61 0.41851851875 0.48666666718749996 0.41851851875 0.3966666671875 0.3018518515625 0.3866666671875 0.2 0.3533333328125 0.1759259265625 0.5866666671874999 0.1740740734375 0.6366666671875 0.17962962968750001 0.65 0.253703703125 0.7066666671874999 0.3111111109375 0.7166666671875
2 0.540740740625 0.7533333328125 0.5740740734374999 0.7266666671875 0.590740740625 0.73 0.6240740734375 0.71 0.6518518515625 0.6766666671875 0.6555555562500001 0.5166666671875 0.6518518515625 0.45 0.6388888890625 0.39 0.546296296875 0.38 0.5333333328125 0.37 0.5129629625 0.32 0.5018518515625 0.32 0.46666666718750005 0.37666666718749997 0.42592592656250006 0.4 0.4074074078125 0.65 0.44444444375 0.73 0.48148148125 0.7533333328125 0.540740740625 0.7533333328125
2 0.7518518515625 0.7033333328125 0.8203703703125 0.6933333328125 0.8888888890625 0.6233333328125 0.9037037031249999 0.5833333328125 0.9055555562500001 0.48 0.8981481484374999 0.38333333281250004 0.8870370375000001 0.35 0.8574074078124999 0.3233333328125 0.8166666671874999 0.3133333328125 0.777777778125 0.3433333328125 0.6481481484375 0.3933333328125 0.6574074078125001 0.5 0.6537037031249999 0.65 0.659259259375 0.6666666671875 0.7518518515625 0.7033333328125
2 0.9074074078125 0.5833333328125 0.8925925921875001 0.6233333328125 0.9981481484374999 0.6533333328125 0.9981481484374999 0.2866666671875 0.9277777781250001 0.2966666671875 0.896296296875 0.32 0.8888888890625 0.3366666671875 0.9074074078125 0.4166666671875 0.9111111109375001 0.52 0.9074074078125 0.5833333328125
2 0.5425925921875 0 0.49629629687500004 0.08333333281250001 0.49629629687500004 0.1533333328125 0.509259259375 0.2733333328125 0.5240740734375 0.33999999999999997 0.54444444375 0.37 0.6074074078125 0.38 0.6981481484375001 0.37 0.7759259265625 0.3366666671875 0.8333333328125001 0.2833333328125 0.8388888890624999 0.13 0.8055555562500001 0 0.5425925921875 0
2 0.8129629625 0 0.8481481484375 0.16 0.8370370375 0.18 0.83148148125 0.22000000000000003 0.8370370375 0.29 0.9981481484374999 0.2766666671875 0.9981481484374999 0 0.8129629625 0
2 0.222222221875 0 0.190740740625 0.0366666671875 0.177777778125 0.1266666671875 0.1759259265625 0.29333333281249996 0.1925925921875 0.32999999999999996 0.23148148124999998 0.36 0.3351851859375 0.38333333281250004 0.4481481484375 0.38333333281250004 0.48703703750000005 0.3333333328125 0.50555555625 0.2866666671875 0.4888888890625 0.06999999999999999 0.4796296296875 0.03 0.4574074078125 0 0.222222221875 0
2 0 0 0 0.30333333281249997 0.04444444375 0.3166666671875 0.1759259265625 0.3133333328125 0.16851851874999998 0.2766666671875 0.1759259265625 0.21000000000000002 0.172222221875 0.1233333328125 0.1870370375 0.0266666671875 0.20370370312500002 0.01 0.2018518515625 0 0 0