2 0.665625 0.3375 0.6666666671875 0.31875 0.6552083328125 0.30625 0.6291666671875 0.2921875 0.60625 0.290625 0.5979166671875 0.29375 0.5979166671875 0.3015625 0.6135416671875 0.3390625 0.665625 0.3375
2 0.7197916671875 0.2984375 0.6916666671875 0.3015625 0.6697916671875 0.321875 0.6677083328125 0.340625 0.75625 0.340625 0.7416666671875001 0.3109375 0.7197916671875 0.2984375
2 0.81875 0.340625 0.8239583328125001 0.3296875 0.815625 0.3 0.7947916671875 0.275 0.7770833328125 0.26875 0.75625 0.2703125 0.7416666671875001 0.2921875 0.7416666671875001 0.3078125 0.7572916671875001 0.3328125 0.76875 0.3421875 0.81875 0.340625
2 0.8770833328125001 0.33125 0.8916666671875 0.290625 0.8729166671874999 0.2875 0.8520833328125 0.29375 0.828125 0.321875 0.825 0.3296875 0.8270833328125 0.340625 0.86875 0.340625 0.8770833328125001 0.33125
2 0.6541666671875 0.46875 0.6614583328125 0.4390625 0.6552083328125 0.4234375 0.6375 0.4140625 0.5958333328125 0.415625 0.59375 0.4265625 0.6104166671875 0.46875 0.63125 0.4734375 0.6541666671875 0.46875
2 0.7416666671875001 0.428125 0.734375 0.4203125 0.6697916671875 0.421875 0.65625 0.45625 0.6552083328125 0.4703125 0.6583333328125 0.4734375 0.7489583328125 0.4765625 0.7416666671875001 0.428125
2 0.7520833328125 0.4765625 0.834375 0.4765625 0.8375 0.4671875 0.8354166671875 0.4421875 0.796875 0.41875 0.7635416671875 0.4265625 0.7427083328124999 0.4234375 0.74375 0.4453125 0.7520833328125 0.4765625
2 0.8895833328125 0.43125 0.8770833328125001 0.41875 0.8489583328125001 0.425 0.8354166671875 0.434375 0.8395833328125001 0.478125 0.871875 0.4734375 0.8895833328125 0.43125
2 0.8739583328125 0.60625 0.8947916671874999 0.546875 0.88125 0.5359375 0.8552083328125001 0.5359375 0.84375 0.54375 0.8322916671874999 0.565625 0.83125 0.5796875 0.8427083328125 0.6078125 0.8645833328125001 0.6140625 0.8739583328125 0.60625
2 0.8291666671875 0.578125 0.8010416671874999 0.5421875 0.7604166671875 0.546875 0.7375 0.5703125 0.73125 0.603125 0.734375 0.609375 0.840625 0.609375 0.8291666671875 0.578125
2 0.728125 0.6046875 0.7364583328125 0.5625 0.7270833328124999 0.5328125 0.6947916671875001 0.515625 0.6677083328125 0.51875 0.6875 0.546875 0.6927083328125 0.60625 0.715625 0.609375 0.728125 0.6046875
2 0.6729166671875 0.6921875 0.678125 0.7140625 0.678125 0.725 0.671875 0.734375 0.70625 0.7390625 0.7458333328125 0.7359375 0.7458333328125 0.715625 0.75625 0.6765625 0.753125 0.665625 0.7114583328124999 0.6515625 0.6822916671875 0.6515625 0.665625 0.6578125 0.6645833328124999 0.6671875 0.6697916671875 0.6671875 0.66875 0.6890625 0.6729166671875 0.6921875
2 0.7583333328124999 0.7375 0.840625 0.7453125 0.8489583328125001 0.734375 0.846875 0.721875 0.8322916671874999 0.7 0.8302083328125001 0.684375 0.8166666671874999 0.6625 0.784375 0.659375 0.759375 0.6703125 0.7510416671875 0.7078125 0.7510416671875 0.7171875 0.759375 0.7203125 0.7583333328124999 0.7375
2 0.878125 0.7328125 0.9052083328125 0.6671875 0.9052083328125 0.6609375 0.865625 0.646875 0.8208333328125 0.6546875 0.8197916671875 0.6609375 0.8333333328125001 0.696875 0.8677083328125 0.74375 0.878125 0.7328125
2 0.8447916671875 0.88125 0.853125 0.8734375 0.871875 0.88125 0.8802083328125001 0.86875 0.8885416671874999 0.8296875 0.8791666671874999 0.825 0.875 0.809375 0.85625 0.7859375 0.8114583328125 0.7796875 0.796875 0.7953125 0.796875 0.815625 0.8020833328125001 0.8296875 0.834375 0.878125 0.8447916671875 0.88125
2 0.80625 0.88125 0.8333333328125001 0.8765625 0.8260416671874999 0.8765625 0.7989583328125 0.825 0.7947916671875 0.7890625 0.746875 0.7859375 0.734375 0.8140625 0.73125 0.8296875 0.734375 0.840625 0.7645833328125 0.875 0.80625 0.88125
2 0.7479166671875 0.8765625 0.746875 0.8625 0.7260416671875001 0.825 0.70625 0.8125 0.6854166671875 0.809375 0.6614583328125 0.8375 0.6572916671875 0.85 0.659375 0.86875 0.6854166671875 0.875 0.7479166671875 0.8765625
2 0.3416666671875 0.871875 0.35 0.8921875 0.365625 0.9171875 0.3916666671875 0.93125 0.43125 0.9171875 0.48125 0.8828125 0.49583333281249997 0.865625 0.509375 0.8328125 0.5125 0.8140625 0.5072916671875001 0.8125 0.5 0.7828125 0.484375 0.759375 0.48541666718750004 0.7546875 0.453125 0.7203125 0.40729166718750004 0.7359375 0.3875 0.7515625 0.3604166671875 0.7796875 0.3416666671875 0.815625 0.3416666671875 0.825 0.35104166718749996 0.8296875 0.35625 0.840625 0.3416666671875 0.871875
2 0.478125 0.7484375 0.49375 0.7734375 0.50625 0.8171875 0.5010416671875 0.8359375 0.509375 0.8296875 0.515625 0.8125 0.5770833328125 0.7703125 0.5947916671875 0.7375 0.5927083328125 0.68125 0.578125 0.6515625 0.5510416671875 0.6171875 0.5375 0.6171875 0.5166666671875 0.628125 0.47291666718750003 0.659375 0.45416666718750004 0.684375 0.446875 0.70625 0.44166666718750003 0.7265625 0.465625 0.7328125 0.46979166718750004 0.746875 0.478125 0.7484375
2 0.5916666671875 0.678125 0.5916666671875 0.6890625 0.6072916671875 0.6984375 0.6145833328125 0.6875 0.6229166671875 0.6875 0.6364583328125 0.6734375 0.6458333328125 0.678125 0.653125 0.6734375 0.66875 0.6453125 0.684375 0.6296875 0.6875 0.5578125 0.68125 0.5390625 0.665625 0.525 0.6427083328125 0.515625 0.628125 0.51875 0.5989583328125 0.53125 0.5802083328125 0.546875 0.5520833328125 0.575 0.5354166671875 0.60625 0.5333333328125 0.61875 0.546875 0.615625 0.5572916671875 0.6203125 0.5916666671875 0.678125