0 0.8025 0.6775 0.8275 0.6625 0.8275 0.3625 0.8150000000000001 0.26749999999999996 0.78 0.16999999999999998 0.76 0.13999999999999999 0.73 0.12 0.7025 0.1275 0.6900000000000001 0.14750000000000002 0.6900000000000001 0.61 0.6950000000000001 0.6849999999999999 0.7075 0.6975 0.8025 0.6775
0 0.7925 0.76 0.75 0.76 0.735 0.7725 0.7325 0.8025 0.7325 0.9275 0.74 0.93 0.775 0.9175000000000001 0.7925 0.76
0 0.6849999999999999 0.6875 0.6875 0.3 0.6775 0.1675 0.6599999999999999 0.145 0.6375 0.14750000000000002 0.6224999999999999 0.1675 0.575 0.6900000000000001 0.65 0.7 0.6799999999999999 0.6975 0.6849999999999999 0.6875
0 0.645 0.775 0.61 0.7675 0.595 0.7775000000000001 0.5900000000000001 0.8675 0.5875 0.9324999999999999 0.6475 0.9349999999999999 0.6525000000000001 0.78 0.645 0.775
0 0.6174999999999999 0.16999999999999998 0.6025 0.15 0.575 0.145 0.54 0.17250000000000001 0.515 0.265 0.495 0.6725 0.5650000000000001 0.6925 0.6075 0.355 0.6174999999999999 0.16999999999999998
0 0.5175 0.76 0.49749999999999994 0.745 0.48250000000000004 0.7575000000000001 0.48 0.9025000000000001 0.485 0.915 0.515 0.9199999999999999 0.5175 0.76
0 0.5375 0.755 0.5325 0.9275 0.5549999999999999 0.9324999999999999 0.5650000000000001 0.765 0.5375 0.755
0 0.46749999999999997 0.2625 0.47750000000000004 0.135 0.46749999999999997 0.06999999999999999 0.4425 0.04 0.41 0.0475 0.4 0.0625 0.3775 0.2225 0.385 0.2725 0.38 0.5700000000000001 0.42750000000000005 0.5275000000000001 0.46749999999999997 0.2625
0 0.2975 0.6525000000000001 0.35750000000000004 0.6224999999999999 0.385 0.42750000000000005 0.385 0.3075 0.3725 0.26749999999999996 0.335 0.2475 0.3025 0.2525 0.28250000000000003 0.275 0.265 0.355 0.25 0.505 0.22000000000000003 0.6575 0.22749999999999998 0.665 0.2975 0.6525000000000001
0 0.2625 0.7375 0.2225 0.7525000000000001 0.22000000000000003 0.8724999999999999 0.23500000000000001 0.8800000000000001 0.2625 0.8699999999999999 0.2625 0.7375
0 0.31 0.7375 0.28250000000000003 0.735 0.27999999999999997 0.7424999999999999 0.2725 0.8550000000000001 0.28500000000000003 0.8724999999999999 0.3075 0.8550000000000001 0.31 0.7375
0 0.1825 0.2525 0.15 0.125 0.11499999999999999 0.095 0.0875 0.1025 0.05500000000000001 0.145 0.0625 0.16999999999999998 0.045 0.3775 0.04 0.65 0.0625 0.665 0.145 0.6725 0.1825 0.2525