1 0.44765625 0.33203125 0.20234375 0.34140625
1 0.65 0.4234375 0.2078125 0.36328125
1 0.2984375 0.68671875 0.27578125 0.50078125
1 0.10546875 0.615625 0.2109375 0.459375
1 0.23984375 0.265625 0.23359375 0.2953125
1 0.53984375 0.7828125 0.28984375 0.434375
1 0.85234375 0.83515625 0.2921875 0.3296875
1 0.90078125 0.56796875 0.1953125 0.434375
1 0.9609375 0.27578125 0.07578125 0.30390625
1 0.0875 0.1578125 0.17421875 0.27109375
1 0.30703125 0.06015625 0.175 0.1203125
1 0.48203125 0.09296875 0.17109375 0.1859375
1 0.64140625 0.13359375 0.18359375 0.23984375
1 0.81640625 0.190625 0.1796875 0.27109375