2 0.56125654375 0.4898911359375 0.5916230359375 0.5007776046875 0.6324607328125 0.5007776046875 0.6638743453125 0.4898911359375 0.6827225125 0.46967340625 0.6869109953125 0.42612752656249997 0.6816753921875 0.4074650078125 0.6638743453125 0.3748055984375 0.6387434562500001 0.35147745 0.570680628125 0.35147745 0.53298429375 0.3919129078125 0.5319371734375 0.4074650078125 0.54136125625 0.4681181953125 0.5455497375 0.47900466562500005 0.56125654375 0.4898911359375
2 0.37801047187500003 0.45412130624999997 0.39581151875 0.4743390359375 0.4314136125 0.49455676562499995 0.4544502625 0.497667184375 0.46701570625000005 0.49300155468750007 0.47120418906249995 0.4836702953125 0.4827225125 0.488335925 0.507853403125 0.48522550468750003 0.523560209375 0.46656298593749995 0.523560209375 0.40902021718750003 0.507853403125 0.368584759375 0.4994764390625 0.3592535 0.47120418906249995 0.3592535 0.47015706875 0.3841368578125 0.4659685859375 0.39346811875 0.460732984375 0.387247278125 0.4575916234375 0.3576982890625 0.4073298421875 0.3576982890625 0.39581151875 0.36236391874999996 0.388481675 0.371695178125 0.38534031406249997 0.371695178125 0.3832460734375 0.360808709375 0.374869109375 0.36547433906250004 0.3675392671875 0.360808709375 0.36963350781250004 0.37013996875 0.36439790625 0.37013996875 0.36125654375 0.39346811875 0.36439790625 0.4167962671875 0.37382198906249997 0.43234836718749997 0.37801047187500003 0.45412130624999997
2 0.390575915625 0.3437014 0.374869109375 0.34525660937499997 0.409424084375 0.353032659375 0.453403140625 0.353032659375 0.45863874375 0.34525660937499997 0.453403140625 0.21928460312500003 0.43664921406249996 0.2130637640625 0.388481675 0.2223950234375 0.370680628125 0.23950233281250002 0.3602094234375 0.2410575421875 0.3801047125 0.2830482109375 0.390575915625 0.3437014
2 0.5130890046875 0.3468118203125 0.514136125 0.3141524109375 0.507853403125 0.29393468125 0.50157068125 0.22861586250000002 0.4659685859375 0.21928460312500003 0.46701570625000005 0.31881804062499997 0.47120418906249995 0.35147745 0.503664921875 0.353032659375 0.5130890046875 0.3468118203125
2 0.5298429312499999 0.27993779218750003 0.5225130890624999 0.2519440125 0.5172774875 0.2581648515625 0.5172774875 0.3048211515625 0.5287958109375 0.3141524109375 0.5319371734375 0.30948678125 0.5298429312499999 0.27993779218750003
2 0.27015706875 0.360808709375 0.312041884375 0.360808709375 0.32356020937499996 0.2970451015625 0.3246073296875 0.23172628281250002 0.29842931875 0.21617418281249998 0.26701570625 0.211508553125 0.21989528749999998 0.2223950234375 0.21151832499999998 0.23328149374999999 0.21151832499999998 0.2488335921875 0.221989528125 0.3483670296875 0.27015706875 0.360808709375
2 0.3811518328125 0.292379471875 0.3654450265625 0.250388803125 0.350785340625 0.2379471234375 0.3361256546875 0.2379471234375 0.32670157031249997 0.32037325 0.327748690625 0.3576982890625 0.35287958124999996 0.35458786875000003 0.3717277484375 0.3405909796875 0.3811518328125 0.292379471875
2 0.2345549734375 0.5241057546875 0.24188481718750002 0.5349922234375 0.29842931875 0.497667184375 0.303664921875 0.48211508593749997 0.30157068125 0.46189735625 0.3089005234375 0.43234836718749997 0.31518324531249997 0.4230171078125 0.3089005234375 0.3903576984375 0.2952879578125 0.3748055984375 0.24188481718750002 0.35458786875000003 0.22513089062499997 0.35458786875000003 0.22094240781250002 0.3561430796875 0.22094240781250002 0.36547433906250004 0.22722513125 0.4572317265625 0.2345549734375 0.5241057546875
2 0.19476439843749999 0.3670295484375 0.1675392671875 0.376360809375 0.1675392671875 0.387247278125 0.162303665625 0.3965785375 0.1539267015625 0.3919129078125 0.13403141406250002 0.421461896875 0.13298429375 0.44634525625 0.137172775 0.45878693593750003 0.20418848125000003 0.455676515625 0.19476439843749999 0.3670295484375
2 0.30994764375 0.200622084375 0.3225130890625 0.18662519375 0.327748690625 0.17262830468749998 0.327748690625 0.127527215625 0.31099476406250004 0.1057542765625 0.29738219843749997 0.0979782265625 0.2429319375 0.09486780781250001 0.2188481671875 0.1057542765625 0.20418848125000003 0.11975116718750001 0.20418848125000003 0.1788491453125 0.21256544531250002 0.22861586250000002 0.2518324609375 0.20995334375 0.30994764375 0.200622084375
2 0.3685863875 0.23639191249999997 0.388481675 0.2223950234375 0.43664921406249996 0.20995334375 0.44607329843750004 0.19440124375 0.44293193750000004 0.1804043546875 0.42722513125 0.15396578593750002 0.3926701578125 0.1368584765625 0.3759162296875 0.1384136859375 0.34869110000000003 0.152410575 0.34031413593750004 0.17107309531249998 0.337172775 0.200622084375 0.337172775 0.22861586250000002 0.34031413593750004 0.23328149374999999 0.3685863875 0.23639191249999997
2 0.6188481671875 0.1632970453125 0.6324607328125 0.15396578593750002 0.6303664921875 0.14152410625 0.6209424078125 0.1321928453125 0.582198953125 0.124416796875 0.55287958125 0.10264385625000001 0.519371728125 0.10108864687500001 0.5047120421875 0.1057542765625 0.5026178015625 0.11353032656249999 0.5130890046875 0.21928460312500003 0.5445026171875 0.2223950234375 0.5895287953125 0.20217729375000001 0.6188481671875 0.1632970453125
2 0.5005235609375001 0.19440124375 0.49214659687499995 0.127527215625 0.47853403125 0.1306376359375 0.464921465625 0.15396578593750002 0.460732984375 0.185069984375 0.4680628265625 0.21617418281249998 0.49842931874999996 0.22706065312499998 0.5005235609375001 0.19440124375
2 0.6544502624999999 0.337480559375 0.6670157062500001 0.3125972 0.669109946875 0.2628304828125 0.649214659375 0.23639191249999997 0.6146596859375 0.211508553125 0.5832460734375 0.2068429234375 0.55287958125 0.21928460312500003 0.535078534375 0.2379471234375 0.5298429312499999 0.250388803125 0.53298429375 0.32814930000000003 0.55287958125 0.34525660937499997 0.6429319375 0.3468118203125 0.6544502624999999 0.337480559375
2 0.664921465625 0.2441679625 0.7162303671875 0.25349922187499996 0.7717277484375 0.250388803125 0.7811518328125 0.23639191249999997 0.7853403140624999 0.2068429234375 0.7790575921875 0.175738725 0.762303665625 0.144634525 0.7455497375 0.127527215625 0.7162303671875 0.11819595624999998 0.6607329843749999 0.127527215625 0.597905759375 0.1959564546875 0.5989528796875 0.20217729375000001 0.6083769640625001 0.200622084375 0.6104712046875 0.2068429234375 0.664921465625 0.2441679625
2 0.821989528125 0.38258164843750003 0.8376963343750001 0.37013996875 0.8439790578125 0.3499222390625 0.83560209375 0.3125972 0.8104712046874999 0.2721617421875 0.7769633515625001 0.25349922187499996 0.750785340625 0.25660964218750004 0.6994764390625 0.2814930015625 0.672251309375 0.31726283125 0.6575916234375 0.3639191296875 0.69005235625 0.41057542812500003 0.7109947640625001 0.41835147812500006 0.821989528125 0.38258164843750003
2 0.314136125 0.833592534375 0.3162303671875 0.8444790046874999 0.34450261718749997 0.8615863140625001 0.39895287968750004 0.8755832031249999 0.4659685859375 0.86625194375 0.485863875 0.872472784375 0.527748690625 0.8709175734375 0.5455497375 0.85847589375 0.5581151828124999 0.8211508546875 0.550785340625 0.78227060625 0.5287958109375 0.7356143078125 0.48481675468749996 0.6874028 0.437696334375 0.6687402796875 0.42617801093749996 0.6687402796875 0.386387434375 0.6889580093750001 0.3581151828125 0.7107309484375001 0.32146596875 0.7589424578124999 0.307853403125 0.7947122859375 0.3068062828125 0.8009331265625 0.3172774875 0.7978227062500001 0.335078534375 0.8102643859375 0.314136125 0.833592534375
2 0.6638743453125 0.9688958015625 0.70994764375 0.94245723125 0.7120418843749999 0.9035769828125 0.6952879578125 0.8678071546874999 0.69005235625 0.8460342140625 0.6732984296875 0.833592534375 0.65863874375 0.8320373249999999 0.6104712046875 0.839813375 0.586387434375 0.9113530328125 0.6261780109374999 0.956454121875 0.6460732984375 0.967340590625 0.6638743453125 0.9688958015625
2 0.754973821875 0.9362363921875 0.7801047125 0.9393468125 0.8251308906249999 0.9237947125 0.8418848171875 0.9004665624999999 0.8502617796875 0.872472784375 0.8418848171875 0.822706065625 0.7874345546875 0.772939346875 0.7581151828125 0.7682737171875 0.7151832453125 0.780715396875 0.7026178015625 0.7947122859375 0.696335078125 0.814930015625 0.6973821984375 0.8600311046875 0.7068062828125 0.8880248828124999 0.7204188484375 0.9113530328125 0.754973821875 0.9362363921875
2 0.8376963343750001 0.519440125 0.8858638750000001 0.5147744953125 0.9057591625000001 0.497667184375 0.914136125 0.46967340625 0.9130890046875001 0.444790046875 0.8973821984375 0.41213063749999995 0.8732984296874999 0.38880248906250003 0.8450261781249999 0.37325038906249997 0.79581151875 0.3965785375 0.7403141359375 0.40902021718750003 0.723560209375 0.4339035765625 0.7225130890625 0.4572317265625 0.7361256546875 0.48678071562499997 0.80418848125 0.5132192843750001 0.8376963343750001 0.519440125
2 0.34136125625 0.45256609687499993 0.3570680625 0.429237946875 0.3602094234375 0.41835147812500006 0.359162303125 0.368584759375 0.3340314140625 0.3639191296875 0.3246073296875 0.37325038906249997 0.3204188484375 0.42612752656249997 0.32356020937499996 0.46034214687499997 0.327748690625 0.46189735625 0.34136125625 0.45256609687499993
2 0.30157068125 0.3670295484375 0.2795811515625 0.368584759375 0.30994764375 0.3965785375 0.31099476406250004 0.368584759375 0.30157068125 0.3670295484375