2 0.5236363640625 0.8400000000000001 0.5327272734374999 0.8125 0.650909090625 0.6475 0.7363636359375 0.575 0.6654545453125 0.5225 0.6127272734375 0.45999999999999996 0.5709090906250001 0.485 0.5236363640625 0.5325 0.4872727265625 0.61 0.4745454546875 0.655 0.4745454546875 0.7525000000000001 0.4836363640625 0.8074999999999999 0.50181818125 0.8324999999999999 0.5236363640625 0.8400000000000001
2 0.370909090625 0.9025000000000001 0.45272727343749997 0.905 0.49818181875 0.8875 0.5145454546875 0.8699999999999999 0.52 0.8474999999999999 0.4927272734375 0.8275 0.47818181875 0.8 0.46909090937500003 0.6675 0.4927272734375 0.5875 0.5363636359374999 0.505 0.52181818125 0.5 0.5072727265625 0.465 0.4854545453125 0.45 0.409090909375 0.505 0.3763636359375 0.5475 0.34181818124999996 0.65 0.33090909062499996 0.71 0.33090909062499996 0.7825 0.349090909375 0.8074999999999999 0.36 0.8800000000000001 0.370909090625 0.9025000000000001
2 0.3763636359375 0.54 0.42181818125000003 0.49000000000000005 0.48181818125 0.445 0.46363636406250003 0.3525 0.41454545468750004 0.36 0.3272727265625 0.4175 0.3054545453125 0.44000000000000006 0.27999999999999997 0.51 0.27818181875 0.6425 0.28363636406250003 0.6725 0.3254545453125 0.7375 0.3763636359375 0.54
2 0.5963636359375 0 0.5472727265625 0.0375 0.5163636359375 0.0775 0.5 0.11499999999999999 0.49090909062500004 0.16499999999999998 0.4854545453125 0.27749999999999997 0.4672727265625 0.34750000000000003 0.4854545453125 0.4375 0.509090909375 0.45499999999999996 0.52181818125 0.4925 0.5545454546874999 0.4925 0.6054545453125 0.45499999999999996 0.5836363640625 0.325 0.610909090625 0.195 0.6454545453125 0.125 0.7036363640625 0.045 0.749090909375 0 0.5963636359375 0
2 0.7763636359375 0 0.750909090625 0.01 0.7054545453125 0.05 0.64181818125 0.135 0.6127272734375 0.20249999999999999 0.5927272734375 0.275 0.5872727265625 0.34249999999999997 0.6127272734375 0.4525 0.6727272734375 0.52 0.7127272734375001 0.5375 0.78181818125 0.53 0.7763636359375 0.485 0.76 0.46749999999999997 0.7436363640625 0.39 0.749090909375 0.3075 0.7763636359375 0.225 0.80181818125 0.1825 0.8636363640625 0.11499999999999999 0.9109090906249999 0.0475 0.95818181875 0.015 0.99818181875 0 0.7763636359375 0
2 0.8563636359375 0.615 0.8800000000000001 0.615 0.95818181875 0.595 0.99818181875 0.5700000000000001 0.99818181875 0.015 0.96181818125 0.017499999999999998 0.9072727265625 0.057499999999999996 0.82181818125 0.1625 0.78 0.225 0.749090909375 0.335 0.7454545453125 0.40750000000000003 0.750909090625 0.4325 0.8127272734375 0.5825 0.8563636359375 0.615
2 0.7472727265625 0.875 0.7836363640624999 0.78 0.850909090625 0.6849999999999999 0.9072727265625 0.6275000000000001 0.8963636359375 0.62 0.85818181875 0.625 0.8127272734375 0.5925 0.79818181875 0.5675 0.7036363640625 0.6 0.6436363640625 0.665 0.5472727265625 0.7975 0.5327272734374999 0.8225 0.5272727265625 0.8625 0.530909090625 0.9675 0.550909090625 0.9974999999999999 0.72181818125 0.9974999999999999 0.7472727265625 0.875
2 0.4836363640625 0.275 0.4945454546875 0.1125 0.4763636359375 0.12250000000000001 0.4672727265625 0.11000000000000001 0.4436363640625 0.11000000000000001 0.43454545468749994 0.1525 0.3763636359375 0.20249999999999999 0.369090909375 0.29 0.38181818125 0.3725 0.46181818124999996 0.34249999999999997 0.4836363640625 0.275
2 0.16545454531249998 0.6725 0.22181818125000002 0.7275 0.2545454546875 0.7775000000000001 0.29454545468750004 0.7875 0.32 0.775 0.32181818125 0.74 0.290909090625 0.6900000000000001 0.2763636359375 0.6375 0.2763636359375 0.515 0.3054545453125 0.43499999999999994 0.3454545453125 0.4 0.32181818125 0.3875 0.27818181875 0.385 0.2036363640625 0.4 0.1727272734375 0.4225 0.1672727265625 0.475 0.149090909375 0.5175 0.1545454546875 0.6375 0.16545454531249998 0.6725
2 0.38 0.37 0.3727272734375 0.29500000000000004 0.3745454546875 0.205 0.38 0.1925 0.45818181874999997 0.1375 0.4854545453125 0.1375 0.4872727265625 0.13 0.45999999999999996 0.11000000000000001 0.43818181875000006 0.11000000000000001 0.3527272734375 0.135 0.28363636406250003 0.16999999999999998 0.25818181875 0.1875 0.249090909375 0.205 0.2527272734375 0.315 0.2745454546875 0.37 0.3745454546875 0.375 0.38 0.37
2 0.11090909062500001 0.585 0.1454545453125 0.5974999999999999 0.14727272656249998 0.485 0.16545454531249998 0.425 0.2 0.3975 0.26181818125 0.38 0.2236363640625 0.3275 0.1727272734375 0.325 0.11636363593750002 0.355 0.0527272734375 0.43 0.054545454687499995 0.46749999999999997 0.0672727265625 0.48250000000000004 0.070909090625 0.5375 0.11090909062500001 0.585