2 0.7495590828124999 0.8303030296875 0.7142857140625 0.796969696875 0.634920634375 0.7636363640625 0.5873015875 0.7636363640625 0.569664903125 0.7787878781249999 0.5467372140625 0.8272727265625001 0.5132275125 0.9575757578124999 0.5132275125 0.996969696875 0.82363315625 0.996969696875 0.8007054671875 0.9090909093749999 0.7495590828124999 0.8303030296875
2 0.396825396875 0.975757575 0.465608465625 0.996969696875 0.5079365078125 0.9939393937500001 0.5114638453125 0.9545454546875 0.5414462078125 0.8363636359375001 0.5679012343750001 0.775757575 0.569664903125 0.7545454546875 0.5802469140625 0.7484848484375 0.569664903125 0.703030303125 0.51499118125 0.621212121875 0.4867724875 0.6 0.395061728125 0.5696969703125 0.342151675 0.5909090906250001 0.289241621875 0.7212121218750001 0.28571428593750003 0.790909090625 0.3051146390625 0.8636363640625 0.3368606703125 0.9272727265625 0.396825396875 0.975757575
2 0.29276895937499997 0.796969696875 0.3174603171875 0.78181818125 0.308641975 0.7464636359375 0.308641975 0.6818181812499999 0.3386243390625 0.596969696875 0.37742504375 0.5696969703125 0.4197530859375 0.5727272734375 0.4126984125 0.51818181875 0.38800705468749996 0.4727272734375 0.3492063484375 0.4393939390625 0.31393298125 0.424242425 0.22045855312499998 0.4272727265625 0.2045855375 0.4484848484375 0.1956578484375 0.48958484843749994 0.1834215171875 0.5363636359374999 0.1816578484375 0.6121212125 0.188712521875 0.690909090625 0.21693121718750003 0.7393939390625001 0.29276895937499997 0.796969696875
2 0.118165784375 0.6484848484375 0.174603175 0.6606060609375 0.17636684375 0.6363636359375 0.1675485015625 0.621212121875 0.17813051093750001 0.5909090906250001 0.1834215171875 0.5 0.20105820156249998 0.4484848484375 0.21869488593750003 0.424242425 0.257495590625 0.415151515625 0.23985890625 0.38181818125 0.20282186875 0.3454545453125 0.17636684375 0.33030302968749997 0.1252204578125 0.32121212187500003 0.088183421875 0.3272727265625 0.0705467375 0.3454545453125 0.056437389062499996 0.36666666718749996 0.037037037499999995 0.4303030296875 0.037037037499999995 0.51818181875 0.0440917109375 0.5484848484375 0.06525573125 0.5909090906250001 0.118165784375 0.6484848484375
2 0.5432098765625 0.6454545453125 0.5767195765625 0.615151515625 0.5873015875 0.61818181875 0.6102292765625 0.5454545453125 0.636684303125 0.5060606062499999 0.671957671875 0.48484848437499994 0.671957671875 0.46060606093749995 0.6596119921875 0.4272727265625 0.604938271875 0.38181818125 0.48500881875 0.3636363640625 0.465608465625 0.36969697031250004 0.44091710781250004 0.40606060624999996 0.4232804234375 0.49090909062500004 0.4197530859375 0.524242425 0.43033509687500004 0.5666666671875 0.5114638453125 0.6121212125 0.5432098765625 0.6454545453125
2 0.39153439218749997 0.46666666718750005 0.40211640156249995 0.46666666718750005 0.41446208125000006 0.4393939390625 0.43386243437500005 0.44242424218750004 0.44444444375 0.378787878125 0.47089947031249996 0.3484848484375 0.497354496875 0.3515151515625 0.5097001765625 0.3636363640625 0.5291005296875 0.36060606093750003 0.497354496875 0.2878787875 0.45679012343750003 0.25757575781250003 0.375661375 0.2272727265625 0.3350970015625 0.2606060609375 0.3156966484375 0.290909090625 0.30687830625 0.315151515625 0.2980599640625 0.378787878125 0.2980599640625 0.415151515625 0.326278659375 0.41818181875000004 0.3738977078125 0.4454545453125 0.39153439218749997 0.46666666718750005
2 0.7425044093750001 0.80606060625 0.7760141093749999 0.7696969703125001 0.79365079375 0.715151515625 0.841269840625 0.6666666671875 0.8183421515625 0.58181818125 0.7883597890625 0.5363636359374999 0.740740740625 0.503030303125 0.6631393296875 0.49393939375 0.6331569671875 0.5151515156250001 0.604938271875 0.5636363640625001 0.5784832453125001 0.675757575 0.5767195765625 0.709090909375 0.5978835984375 0.7545454546875 0.6613756609375 0.7636363640625 0.7425044093750001 0.80606060625
2 0.7883597890625 0.524242425 0.8183421515625 0.5666666671875 0.8324514984375 0.6121212125 0.841269840625 0.60606060625 0.8712522046875 0.5363636359374999 0.880070546875 0.4878787875 0.9065255734375001 0.424242425 0.9241622578124999 0.403030303125 0.9135802468750001 0.3545454546875 0.8977072312500001 0.31818181874999996 0.8694885359375 0.29393939375 0.82363315625 0.278787878125 0.72310405625 0.30606060625 0.703703703125 0.33030302968749997 0.6878306875 0.384848484375 0.6843033515625 0.45454545468749996 0.68959435625 0.48484848437499994 0.7477954140625 0.49696969687500003 0.7883597890625 0.524242425
2 0.6208112875 0.3727272734375 0.638447971875 0.396969696875 0.65255731875 0.4 0.6631393296875 0.3727272734375 0.6772486765625 0.36969697031250004 0.7001763671875 0.324242425 0.7495590828124999 0.284848484375 0.7425044093750001 0.24545454531250002 0.7301587296875 0.224242425 0.6596119921875 0.1454545453125 0.5714285718750001 0.1545454546875 0.5485008812500001 0.18181818125 0.5326278656250001 0.2272727265625 0.5220458546875 0.27272727343750003 0.5238095234375 0.324242425 0.5326278656250001 0.3575757578125 0.6208112875 0.3727272734375
2 0.502645503125 0.27272727343750003 0.5202821875 0.30606060625 0.5202821875 0.284848484375 0.55026455 0.1727272734375 0.5767195765625 0.1484848484375 0.6084656078124999 0.1484848484375 0.6208112875 0.1393939390625 0.61728395 0.10606060625 0.5925925921874999 0.06363636406249999 0.5396825390625 0.05151515156249999 0.46737213437499997 0.075757575 0.4426807765625 0.1 0.42151675468749994 0.1484848484375 0.41622575 0.190909090625 0.4232804234375 0.2393939390625 0.47442680781249996 0.2515151515625 0.502645503125 0.27272727343750003
2 0.26631393281250004 0.396969696875 0.29276895937499997 0.3878787875 0.3015873015625 0.3333333328125 0.331569665625 0.2606060609375 0.361552028125 0.2363636359375 0.41622575 0.2393939390625 0.4074074078125 0.2121212125 0.38447971718749996 0.18181818125 0.3562610234375 0.1666666671875 0.3192239859375 0.16060606093750002 0.24338624375 0.1727272734375 0.22045855312499998 0.21818181874999998 0.21516754843750002 0.309090909375 0.227513228125 0.3333333328125 0.23633157031250002 0.36969697031250004 0.26631393281250004 0.396969696875
2 0 0.4727272734375 0.0088183421875 0.48484848437499994 0.0299823640625 0.4878787875 0.0299823640625 0.4515151515625 0.054673721875000005 0.36060606093750003 0.088183421875 0.324242425 0.14638447968749999 0.31818181874999996 0.1816578484375 0.33030302968749997 0.17636684375 0.3 0.1604938265625 0.27272727343750003 0.1305114640625 0.24545454531250002 0.0776014109375 0.221212121875 0.0105820109375 0.224242425 0 0.2272727265625 0 0.4727272734375
2 0.1375661375 0.23333333281250002 0.17813051093750001 0.284848484375 0.21340387968750002 0.29393939375 0.21516754843750002 0.24848484843750002 0.257495590625 0.1666666671875 0.2716049375 0.16060606093750002 0.27336860625 0.1515151515625 0.2522045859375 0.124242425 0.21164021093750002 0.1 0.1640211640625 0.1 0.13403879999999999 0.124242425 0.10582010625 0.19696969687500002 0.1040564375 0.21818181874999998 0.107583775 0.224242425 0.121693121875 0.23333333281250002 0.1375661375 0.23333333281250002
2 0.4126984125 0.20909090937500002 0.41622575 0.1666666671875 0.43033509687500004 0.11818181875 0.44444444375 0.09393939375 0.46913580312500003 0.07272727343749999 0.4867724875 0.0666666671875 0.4867724875 0.0606060609375 0.48148148125 0.0363636359375 0.4532627859375 0.003030303125 0.38447971718749996 0 0.3527336859375 0.015151515625 0.326278659375 0.0454545453125 0.3192239859375 0.0696969703125 0.3156966484375 0.10909090937499999 0.3156966484375 0.1545454546875 0.36860670156249997 0.1666666671875 0.396825396875 0.1878787875 0.4126984125 0.20909090937500002
2 0.8395061734375 0.9696969703124999 0.86419753125 0.996969696875 0.99823633125 0.996969696875 0.99823633125 0.690909090625 0.9365079359375 0.6606060609375 0.9082892421875 0.6606060609375 0.8853615515625 0.6727272734375 0.8518518515625001 0.709090909375 0.8447971781250001 0.7424242421875 0.8183421515625 0.796969696875 0.8042328046874999 0.8484848484375 0.8024691359375 0.9 0.83068783125 0.9575757578124999 0.8324514984375 0.975757575 0.8395061734375 0.9696969703124999