0 0.9235294125 0.7247058828124999 0.96176470625 0.6211764703125 0.9588235296875001 0.602352940625 0.942647059375 0.5905882359375 0.9088235296875 0.6164705875000001 0.894117646875 0.6447058828125 0.8485294124999999 0.6917647062500001 0.83823529375 0.7176470593750001 0.8338235296875001 0.762352940625 0.86176470625 0.7811764703125 0.8867647062499999 0.7764705875 0.9235294125 0.7247058828124999
0 0.8705882359375 0.642352940625 0.8911764703125 0.602352940625 0.88823529375 0.5788235296875001 0.8764705875000001 0.5670588234375 0.857352940625 0.574117646875 0.83823529375 0.6164705875000001 0.7661764703125 0.6870588234375 0.755882353125 0.7082352937499999 0.755882353125 0.7294117640625 0.7691176468750001 0.7364705875 0.8058823531250001 0.7270588234375001 0.8705882359375 0.642352940625
0 0.83676470625 0.614117646875 0.8441176468749999 0.5858823531249999 0.8191176468749999 0.57176470625 0.6764705875 0.6964705875 0.6735294125 0.72 0.6911764703125 0.7411764703125 0.7294117640625 0.7341176468749999 0.83676470625 0.614117646875
0 0.767647059375 0.5929411765625 0.767647059375 0.557647059375 0.7617647062499999 0.5505882359375 0.7426470593750001 0.5552941171875 0.6948529406249999 0.6270588234375001 0.65 0.665882353125 0.6470588234375 0.6988235296875 0.6720588234375 0.7035294125 0.719117646875 0.6611764703125 0.767647059375 0.5929411765625
0 0.6338235296875 0.6729411765625 0.6485294125000001 0.6470588234375 0.625 0.6188235296875 0.5720588234374999 0.6729411765625 0.569117646875 0.6917647062500001 0.575 0.6988235296875 0.6088235296875 0.694117646875 0.6338235296875 0.6729411765625
0 0.7044117640625001 0.5599999999999999 0.68676470625 0.54823529375 0.6602941171875 0.5788235296875001 0.6720588234375 0.6305882359375 0.7088235296875001 0.5835294125 0.7044117640625001 0.5599999999999999
0 0.6220588234375 0.602352940625 0.5911764703125 0.5976470593750001 0.5411764703124999 0.6211764703125 0.5323529406249999 0.637647059375 0.5338235296875 0.6635294125 0.5529411765625001 0.66823529375 0.630882353125 0.6188235296875 0.6220588234375 0.602352940625
0 0.669117646875 0.545882353125 0.6529411765625001 0.5599999999999999 0.65 0.5670588234375 0.6647058828125 0.5905882359375 0.6911764703125 0.5505882359375 0.669117646875 0.545882353125
0 0.33823529375 0.7082352937499999 0.39852941249999996 0.677647059375 0.40735294062499994 0.6564705875 0.39117647031249997 0.6447058828125 0.36176470625 0.6470588234375 0.30441176406250003 0.6847058828125 0.1661764703125 0.7458823531250001 0.144117646875 0.7670588234375 0.13676470624999998 0.785882353125 0.1352941171875 0.8023529406250001 0.15 0.8164705874999999 0.19264705937499998 0.81176470625 0.33823529375 0.7082352937499999
0 0.282352940625 0.7774117640625 0.35 0.7585882359375 0.4602941171875 0.66823529375 0.45 0.6564705875 0.417647059375 0.6564705875 0.3970588234375 0.6799999999999999 0.34852941249999997 0.7011764703125001 0.2602941171875 0.77176470625 0.207352940625 0.797647059375 0.1897058828125 0.825882353125 0.1897058828125 0.8447058828125 0.2 0.8564705874999999 0.2397058828125 0.854117646875 0.282352940625 0.7774117640625
0 0.43382352968750004 0.7529411765625 0.5029411765625 0.6847058828125 0.4897058828125 0.6729411765625 0.4661764703125 0.6729411765625 0.43676470624999997 0.6894117640624999 0.32205882343750003 0.7670588234375 0.292647059375 0.7764705875 0.275 0.7905882359375 0.25 0.8352941171875001 0.2485294125 0.8588235296875 0.257352940625 0.8705882359375 0.2911764703125 0.8658823531250001 0.43382352968750004 0.7529411765625
0 0.3970588234375 0.8470588234375 0.48382352968750003 0.78823529375 0.55 0.7176470593750001 0.55 0.7082352937499999 0.5323529406249999 0.6870588234375 0.5073529406249999 0.6870588234375 0.31617647031249996 0.8423529406249999 0.292647059375 0.8705882359375 0.2852941171875 0.8964705875 0.28676470625 0.9364705875 0.3147058828125 0.9458823531249999 0.33823529375 0.9035294125 0.3970588234375 0.8470588234375
0 0.41235294062500005 0.9148235296875 0.46823529375 0.8734117640625 0.5405882359375 0.8108235296874999 0.5979411765625 0.7684705875 0.602352940625 0.7308235296875 0.5832352937499999 0.712 0.552352940625 0.7167058828124999 0.464117646875 0.8014117640625 0.37294117656250003 0.8625882359375 0.3244117640625 0.9190588234374999 0.3229411765625 0.9567058828125001 0.33176470625 0.9755294125 0.37 0.966117646875 0.41235294062500005 0.9148235296875
0 0.5661764703125 0.90823529375 0.6529411765625001 0.8070588234375 0.68676470625 0.7529411765625 0.6764705875 0.7364705875 0.6455882359375 0.73176470625 0.4 0.922352940625 0.38676470625000003 0.94823529375 0.3838235296875 0.9811764703125 0.39117647031249997 0.997647059375 0.457352940625 0.997647059375 0.5661764703125 0.90823529375
0 0.7455882359375 0.8047058828125 0.7397058828125 0.7670588234375 0.71176470625 0.7505882359375 0.68823529375 0.7529411765625 0.619117646875 0.8494117640625 0.48676470624999996 0.9811764703125 0.4779411765625 0.997647059375 0.6132352937500001 0.997647059375 0.7382352937500001 0.82823529375 0.7455882359375 0.8047058828125
0 0.8397058828124999 0.8094117640625 0.8191176468749999 0.7764705875 0.7705882359375 0.785882353125 0.7088235296875001 0.9152941171875 0.6779411765625001 0.997647059375 0.7735294125000001 0.997647059375 0.8294117640625001 0.86823529375 0.8397058828124999 0.8094117640625