0 0.2375 0.62421875 0.23125 0.0859375
0 0.28515625 0.54609375 0.2046875 0.2421875
0 0.0875 0.51015625 0.175 0.2640625
0 0.2859375 0.35 0.203125 0.303125
0 0.1453125 0.2015625 0.290625 0.309375
0 0.7515625 0.40859375 0.290625 0.2875
0 0.925 0.40859375 0.146875 0.2640625
0 0.60625 0.27265625 0.39296875 0.240625
0 0.60390625 0.11171875 0.4296875 0.2234375
0 0.81484375 0.0921875 0.3453125 0.184375
0 0.28671875 0.9640625 0.2015625 0.06875
0 0.1046875 0.9390625 0.209375 0.11875
0 0.18515625 0.86015625 0.34609375 0.175
0 0.52734375 0.9359375 0.1203125 0.125
0 0.72421875 0.909375 0.121875 0.121875
0 0.82421875 0.85 0.1078125 0.15
0 0.6421875 0.80859375 0.11875 0.20703125
0 0.74453125 0.7671875 0.1265625 0.16875
0 0.59609375 0.96640625 0.0984375 0.0640625
0 0.88671875 0.97421875 0.1140625 0.0484375
0 0.678125 0.95078125 0.11875 0.0953125