0 0.2453125 0.25234375 0.18359375 0.25859375
0 0.43359375 0.26953125 0.190625 0.2
0 0.15859375 0.36015625 0.3171875 0.1484375
0 0.46796875 0.4265625 0.2984375 0.121875
0 0.25234375 0.45078125 0.2140625 0.0734375
0 0.69921875 0.2140625 0.1609375 0.26875
0 0.76640625 0.1515625 0.24765625 0.19296875
0 0.1125 0.78515625 0.225 0.1671875
0 0.36328125 0.7921875 0.28984375 0.16328125
0 0.2234375 0.89375 0.2921875 0.16328125
0 0.05078125 0.9125 0.1015625 0.171875
0 0.48203125 0.91640625 0.2703125 0.1640625
0 0.37109375 0.978125 0.3484375 0.040625
0 0.67265625 0.625 0.1078125 0.271875
0 0.859375 0.6921875 0.23359375 0.19140625
0 0.74765625 0.525 0.2578125 0.071875
0 0.859375 0.5921875 0.240625 0.20625