0 0.13671875 0.4703125 0.2734375 0.140625
0 0.40078125 0.4328125 0.30234375 0.140625
0 0.125 0.403125 0.25 0.125
0 0.38125 0.37578125 0.2796875 0.15546875
0 0.109375 0.31484375 0.21875 0.1796875
0 0.33515625 0.29375 0.2765625 0.16328125
0 0.946875 0.4015625 0.103125 0.33125
0 0.84765625 0.3890625 0.1640625 0.35625
0 0.73515625 0.36953125 0.1515625 0.3953125
0 0.884375 0.13125 0.19375 0.2625
0 0.74609375 0.1109375 0.1734375 0.221875
0 0.0828125 0.83359375 0.165625 0.1578125
0 0.1109375 0.684375 0.221875 0.23125
0 0.37890625 0.6453125 0.3296875 0.153125
0 0.72890625 0.84375 0.1390625 0.28125
0 0.81015625 0.80078125 0.15 0.2875
0 0.68984375 0.8984375 0.0609375 0.2