0 0.2 0.16015625 0.296875 0.3203125
0 0.24296875 0.365625 0.2109375 0.365625
0 0.115625 0.39765625 0.23125 0.3015625
0 0.1140625 0.04375 0.228125 0.0875
0 0.43515625 0.22890625 0.1703125 0.3515625
0 0.6421875 0.296875 0.36953125 0.31484375
0 0.90234375 0.37265625 0.1921875 0.2859375
0 0.5921875 0.47734375 0.378125 0.1421875
0 0.8578125 0.496875 0.28125 0.103125
0 0.025 0.753125 0.05 0.234375
0 0.765625 0.921875 0.140625 0.153125
0 0.66015625 0.86953125 0.18359375 0.13125
0 0.83671875 0.91015625 0.17421875 0.16328125