0 0.16796875 0.146875 0.3359375 0.29375
0 0.1140625 0.28671875 0.228125 0.5609375
0 0.11640625 0.453125 0.2328125 0.26875
0 0.4140625 0.228125 0.109375 0.45625
0 0.75390625 0.25390625 0.17421875 0.48515625
0 0.4546875 0.2625 0.1453125 0.42421875
0 0.64921875 0.28671875 0.1203125 0.46484375
0 0.56015625 0.290625 0.15234375 0.45
0 0.2 0.95546875 0.315625 0.0859375
0 0.10546875 0.65 0.2109375 0.121875
0 0.26015625 0.7578125 0.1953125 0.29375
0 0.16796875 0.76640625 0.3359375 0.1921875
0 0.5984375 0.65234375 0.153125 0.1265625
0 0.72265625 0.66484375 0.1640625 0.1515625
0 0.95625 0.6734375 0.084375 0.16875
0 0.84765625 0.684375 0.1765625 0.190625
0 0.45703125 0.74921875 0.1671875 0.3203125
0 0.6875 0.84453125 0.19375 0.3078125
0 0.53515625 0.8515625 0.1828125 0.29375
0 0.96015625 0.86015625 0.0765625 0.2765625
0 0.8328125 0.8640625 0.190625 0.26875