0 0.11875 0.33046875 0.1515625 0.38828125
0 0.24296875 0.3453125 0.1640625 0.365625
0 0.36796875 0.35390625 0.1765625 0.3484375
0 0.6765625 0.359375 0.21796875 0.221875
0 0.93046875 0.38828125 0.1359375 0.1984375
0 0.8125 0.43671875 0.225 0.1828125
0 0.65078125 0.43515625 0.2296875 0.1859375
0 0.878125 0.290625 0.22265625 0.2453125
0 0.2390625 0.56875 0.371875 0.078125
0 0.2796875 0.71640625 0.35625 0.3140625
0 0.08203125 0.75625 0.1640625 0.315625
0 0.89375 0.8578125 0.209375 0.28125
0 0.7171875 0.71015625 0.4 0.3609375