0 0.28671875 0.27734375 0.4015625 0.2796875
0 0.24375 0.13046875 0.4875 0.2609375
0 0.8671875 0.26875 0.1859375 0.296875
0 0.640625 0.1875 0.23359375 0.19140625
0 0.75546875 0.36796875 0.2640625 0.0984375
0 0.640625 0.30078125 0.240625 0.2328125
0 0.3875 0.70859375 0.2 0.5078125
0 0.1546875 0.6921875 0.309375 0.4625
0 0.77734375 0.4640625 0.1171875 0.090625
0 0.5328125 0.4453125 0.0875 0.053125
0 0.70703125 0.665625 0.1109375 0.14609375
0 0.5671875 0.6609375 0.1140625 0.14765625
0 0.79765625 0.55859375 0.1328125 0.1421875
0 0.64296875 0.5421875 0.13203125 0.16171875
0 0.521875 0.5328125 0.065625 0.159375