0 0.23984375 0.071875 0.2921875 0.14375
0 0.3625 0.13515625 0.35 0.2421875
0 0.3546875 0.31640625 0.365625 0.2640625
0 0.17578125 0.38046875 0.3453125 0.3140625
0 0.86328125 0.19296875 0.2703125 0.3859375
0 0.640625 0.19140625 0.203125 0.3828125
0 0.4078125 0.953125 0.228125 0.090625
0 0.37265625 0.60703125 0.2203125 0.1359375
0 0.2984375 0.7171875 0.22421875 0.17578125
0 0.4390625 0.8359375 0.196875 0.234375
0 0.275 0.88359375 0.209375 0.2296875
0 0.74140625 0.73359375 0.15390625 0.31796875
0 0.8421875 0.784375 0.13515625 0.36796875
0 0.940625 0.84453125 0.115625 0.2796875