0 0.66875 0.228125 0.115625 0.378125
0 0.58046875 0.2296875 0.0984375 0.375
0 0.165625 0.6046875 0.153125 0.371875
0 0.28984375 0.621875 0.16328125 0.38671875
0 0.5046875 0.6453125 0.046875 0.375
0 0.41484375 0.65 0.175 0.40703125
0 0.05390625 0.790625 0.1078125 0.3875
0 0.2546875 0.88203125 0.19375 0.2328125
0 0.10234375 0.8890625 0.1828125 0.21875
0 0.4 0.9015625 0.190625 0.19375
0 0.79140625 0.56328125 0.3359375 0.15703125
0 0.5984375 0.6640625 0.1375 0.203125
0 0.74765625 0.721875 0.2859375 0.17890625