0 0.24140625 0.4953125 0.18671875 0.10625
0 0.36328125 0.5296875 0.0484375 0.109375
0 0.09140625 0.5390625 0.1828125 0.10625
0 0.27578125 0.56796875 0.184375 0.1171875
0 0.32265625 0.6140625 0.1296875 0.090625
0 0.13203125 0.61640625 0.19296875 0.09296875
0 0.4125 0.45390625 0.046875 0.1640625
0 0.6453125 0.48671875 0.13515625 0.15234375
0 0.50390625 0.51953125 0.13359375 0.1609375
0 0.44609375 0.215625 0.1109375 0.14609375
0 0.5859375 0.2203125 0.1140625 0.14765625
0 0.40625 0.3234375 0.034375 0.14375
0 0.51015625 0.3390625 0.13203125 0.16171875
0 0.65859375 0.34921875 0.11796875 0.1578125
0 0.29609375 0.87578125 0.1828125 0.2140625
0 0.72265625 0.86953125 0.5515625 0.2015625
0 0.73828125 0.92265625 0.5203125 0.1515625