0 0.10859375 0.14921875 0.2171875 0.2984375
0 0.353125 0.1515625 0.290625 0.303125
0 0.70390625 0.33828125 0.3984375 0.3390625
0 0.62578125 0.40625 0.2515625 0.203125
0 0.640625 0.0578125 0.253125 0.115625
0 0.57578125 0.09375 0.1515625 0.1875
0 0.875 0.1453125 0.246875 0.290625
0 0.80859375 0.2515625 0.3796875 0.328125
0 0.24921875 0.60546875 0.4984375 0.1921875
0 0.24921875 0.7609375 0.4984375 0.365625
0 0.6921875 0.646875 0.178125 0.275
0 0.6171875 0.65625 0.146875 0.29375
0 0.54453125 0.67734375 0.0890625 0.3359375