0 0.071875 0.40234375 0.14375 0.3578125
0 0.4234375 0.26953125 0.16328125 0.2390625
0 0.51796875 0.1921875 0.11484375 0.3390625
0 0.625 0.16015625 0.084375 0.31171875
0 0.38125 0.4578125 0.1625 0.178125
0 0.26484375 0.6671875 0.0671875 0.15625
0 0.04453125 0.6484375 0.0890625 0.11875
0 0.16171875 0.634375 0.1359375 0.090625
0 0.21953125 0.9015625 0.1109375 0.14609375
0 0.0796875 0.896875 0.1140625 0.14765625
0 0.27109375 0.7953125 0.0546875 0.14375
0 0.15546875 0.778125 0.13203125 0.16171875
0 0.03359375 0.76875 0.0671875 0.159375
0 0.4171875 0.753125 0.153125 0.328125
0 0.54140625 0.73984375 0.1640625 0.3015625
0 0.82265625 0.725 0.1796875 0.271875
0 0.66640625 0.73125 0.1765625 0.284375
0 0.93828125 0.64296875 0.1203125 0.1078125