0 0.25859375 0.28359375 0.2328125 0.2484375
0 0.09296875 0.30390625 0.1859375 0.2078125
0 0.13203125 0.1359375 0.2515625 0.271875
0 0.7578125 0.1984375 0.1859375 0.296875
0 0.53125 0.2796875 0.23359375 0.19140625
0 0.64609375 0.07421875 0.2640625 0.1484375
0 0.53125 0.15 0.23984375 0.26328125
0 0.27734375 0.6625 0.2015625 0.165625
0 0.096875 0.66328125 0.19375 0.1640625
0 0.096875 0.80625 0.19375 0.175
0 0.26953125 0.82265625 0.2171875 0.1734375
0 0.28359375 0.946875 0.1890625 0.103125
0 0.0984375 0.94140625 0.196875 0.1140625
0 0.60859375 0.80546875 0.19765625 0.36875
0 0.84921875 0.8921875 0.2984375 0.2125
0 0.728125 0.51328125 0.25 0.2078125
0 0.7984375 0.60234375 0.2484375 0.1703125
0 0.8171875 0.7625 0.25078125 0.20703125