0 0.4703125 0.1125 0.11875 0.15390625
0 0.27265625 0.1546875 0.121875 0.121875
0 0.17265625 0.2140625 0.1078125 0.15
0 0.3546875 0.25546875 0.11875 0.20703125
0 0.253125 0.28984375 0.128125 0.1546875
0 0.4859375 0.01953125 0.128125 0.0390625
0 0.26796875 0.01796875 0.1203125 0.0359375
0 0.40234375 0.06484375 0.0984375 0.1296875
0 0.11015625 0.05703125 0.1140625 0.1140625
0 0.31953125 0.103125 0.1171875 0.115625
0 0.88671875 0.1328125 0.2234375 0.171875
0 0.11875 0.59296875 0.18359375 0.25859375
0 0.30703125 0.61015625 0.190625 0.2
0 0.0953125 0.70078125 0.190625 0.1484375
0 0.35078125 0.8140625 0.31484375 0.21328125
0 0.12578125 0.87734375 0.2125 0.24375