0 0.2078125 0.228125 0.3015625 0.31953125
0 0.29765625 0.36796875 0.3140625 0.3390625
0 0.11015625 0.07109375 0.2203125 0.1421875
0 0.14140625 0.14609375 0.2828125 0.2921875
0 0.64140625 0.13125 0.3640625 0.2625
0 0.65078125 0.340625 0.3828125 0.271875
0 0.2953125 0.67421875 0.13515625 0.15234375
0 0.41328125 0.7078125 0.0890625 0.1625
0 0.4109375 0.5734375 0.09375 0.06875
0 0.28203125 0.578125 0.1203125 0.078125
0 0.94375 0.70625 0.109375 0.334375
0 0.5109375 0.7046875 0.103125 0.33125
0 0.72890625 0.703125 0.3640625 0.328125