0 0.34375 0.35390625 0.36875 0.4671875
0 0.72265625 0.51015625 0.2328125 0.1546875
0 0.896875 0.53046875 0.203125 0.1140625
0 0.91640625 0.1375 0.1640625 0.275
0 0.76875 0.13984375 0.240625 0.2796875
0 0.9671875 0.3546875 0.0625 0.31875
0 0.84765625 0.37578125 0.24921875 0.3375
0 0.4453125 0.6484375 0.165625 0.115625
0 0.453125 0.74375 0.15 0.109375
0 0.3328125 0.68359375 0.115625 0.1890625
0 0.8234375 0.915625 0.35 0.165625
0 0.6625 0.6265625 0.265625 0.075
0 0.75078125 0.74453125 0.365625 0.290625