0 0.22421875 0.26015625 0.4484375 0.2546875
0 0.80546875 0.30390625 0.2328125 0.1671875
0 0.8515625 0.03359375 0.240625 0.0671875
0 0.9015625 0.16640625 0.19375 0.3328125
0 0.09296875 0.7234375 0.1859375 0.53125
0 0.2890625 0.73828125 0.25 0.5203125
0 0.40390625 0.75234375 0.0890625 0.4921875
0 0.6484375 0.78828125 0.396875 0.3734375
0 0.57265625 0.86796875 0.2453125 0.2609375
0 0.584375 0.46875 0.253125 0.159375
0 0.52265625 0.5046875 0.1453125 0.23125
0 0.8328125 0.559375 0.2734375 0.3265625
0 0.7546875 0.68359375 0.3828125 0.3265625