0 0.2203125 0.1015625 0.140625 0.203125
0 0.11484375 0.17890625 0.18359375 0.13125
0 0.29140625 0.13828125 0.17421875 0.16328125
0 0.7359375 0.0609375 0.4 0.121875
0 0.56640625 0.37890625 0.2328125 0.1765625
0 0.63828125 0.21015625 0.365625 0.290625
0 0.23046875 0.95703125 0.4359375 0.0828125
0 0.3203125 0.828125 0.25625 0.265625
0 0.5484375 0.9296875 0.196875 0.1375
0 0.78515625 0.9265625 0.2921875 0.14375
0 0.6453125 0.8359375 0.2921875 0.16328125
0 0.48671875 0.80390625 0.0734375 0.1984375
0 0.88359375 0.8 0.2296875 0.19375
0 0.79296875 0.68359375 0.34609375 0.175
0 0.5484375 0.68125 0.196875 0.196875