0 0.45234375 0.49140625 0.0515625 0.0734375
0 0.3609375 0.27890625 0.12265625 0.159375
0 0.26015625 0.29296875 0.09140625 0.159375
0 0.18671875 0.35546875 0.075 0.1484375
0 0.4578125 0.3921875 0.040625 0.134375
0 0.2828125 0.3921875 0.11875 0.12578125
0 0.41796875 0.45078125 0.0984375 0.1546875
0 0.12578125 0.4671875 0.1140625 0.121875
0 0.3359375 0.496875 0.11875 0.0625
0 0.67421875 0.17734375 0.3890625 0.3546875
0 0.25234375 0.62578125 0.3140625 0.1921875
0 0.40390625 0.65859375 0.1484375 0.2328125
0 0.2 0.821875 0.35390625 0.2921875
0 0.34140625 0.83046875 0.2734375 0.1921875
0 0.65625 0.6078125 0.353125 0.15625
0 0.86015625 0.6609375 0.2765625 0.2625
0 0.8796875 0.87578125 0.2375 0.2453125
0 0.68359375 0.89765625 0.3671875 0.2015625