0 0.5671875 0.31015625 0.08125 0.2234375
0 0.315625 0.28046875 0.2671875 0.196875
0 0.49765625 0.221875 0.2203125 0.203125
0 0.57734375 0.16796875 0.0609375 0.3203125
0 0.3015625 0.1078125 0.234375 0.215625
0 0.4828125 0.09921875 0.225 0.1984375
0 0.434375 0.37109375 0.225 0.2328125
0 0.9546875 0.0765625 0.0875 0.153125
0 0.85703125 0.07109375 0.1265625 0.1421875
0 0.38359375 0.8421875 0.3859375 0.3125
0 0.39765625 0.7125 0.4203125 0.446875
0 0.93203125 0.59921875 0.1328125 0.2203125
0 0.87421875 0.83046875 0.2484375 0.3328125