0 0.109375 0.2140625 0.21875 0.428125
0 0.2609375 0.17890625 0.075 0.3578125
0 0.38828125 0.28671875 0.1765625 0.2828125
0 0.609375 0.2125 0.23359375 0.19140625
0 0.49453125 0.3859375 0.2640625 0.084375
0 0.609375 0.31875 0.240625 0.21875
0 0.2703125 0.53984375 0.05625 0.2203125
0 0.3625 0.78828125 0.125 0.3234375
0 0.70390625 0.74375 0.396875 0.371875
0 0.55859375 0.6140625 0.3828125 0.3578125
0 0.5234375 0.9546875 0.25625 0.0875
0 0.875 0.903125 0.246875 0.190625
0 0.41875 0.89140625 0.2375 0.2140625
0 0.80859375 0.84140625 0.3796875 0.3140625