0 0.353125 0.09296875 0.165625 0.1859375
0 0.25859375 0.07890625 0.1171875 0.1578125
0 0.15234375 0.05625 0.0859375 0.1125
0 0.3984375 0.4640625 0.22265625 0.1390625
0 0.41015625 0.253125 0.19140625 0.17734375
0 0.6359375 0.2265625 0.09375 0.321875
0 0.76328125 0.53046875 0.2671875 0.2359375
0 0.71640625 0.4640625 0.2546875 0.303125
0 0.67109375 0.3171875 0.1640625 0.309375
0 0.496875 0.890625 0.178125 0.215625
0 0.12265625 0.8703125 0.1765625 0.25625
0 0.421875 0.88125 0.146875 0.234375
0 0.228125 0.85859375 0.121875 0.2796875
0 0.31640625 0.8609375 0.1546875 0.275
0 0.79375 0.7953125 0.409375 0.290625