0 0.18359375 0.05703125 0.2109375 0.1140625
0 0.15859375 0.20703125 0.1140625 0.1609375
0 0.259375 0.13203125 0.1375 0.1859375
0 0.81171875 0.14375 0.2609375 0.2875
0 0.69375 0.14375 0.209375 0.2875
0 0.5703125 0.14296875 0.2375 0.2859375
0 0.26015625 0.53515625 0.1359375 0.2296875
0 0.22421875 0.8453125 0.19453125 0.2765625
0 0.25859375 0.71328125 0.1390625 0.2484375
0 0.67421875 0.471875 0.3984375 0.365625
0 0.5296875 0.403125 0.384375 0.228125
0 0.61015625 0.8328125 0.2515625 0.25234375
0 0.49296875 0.75234375 0.2546875 0.234375
0 0.859375 0.6953125 0.2734375 0.3265625
0 0.41875 0.653125 0.178125 0.290625
0 0.78125 0.57109375 0.3828125 0.3265625