0 0.1328125 0.315625 0.178125 0.303125
0 0.2078125 0.30625 0.146875 0.321875
0 0.3796875 0.28359375 0.075 0.3671875
0 0.31328125 0.2859375 0.1546875 0.3625
0 0.95078125 0.17265625 0.0953125 0.3453125
0 0.82734375 0.09296875 0.1671875 0.1859375
0 0.9125 0.378125 0.171875 0.178125
0 0.74453125 0.2765625 0.184375 0.25859375
0 0.353125 0.609375 0.128125 0.28125
0 0.21953125 0.59609375 0.2453125 0.2546875
0 0.73671875 0.83125 0.18359375 0.11484375
0 0.715625 0.73671875 0.1953125 0.1078125
0 0.66171875 0.97578125 0.1328125 0.0453125
0 0.784375 0.94453125 0.2 0.1078125
0 0.665625 0.903125 0.096875 0.190625
0 0.5734375 0.88984375 0.096875 0.2171875
0 0.859375 0.84453125 0.11328125 0.2828125