0 0.19375 0.10859375 0.1875 0.2171875
0 0.0421875 0.1484375 0.084375 0.19375
0 0.04375 0.07578125 0.0875 0.1515625
0 0.4640625 0.18359375 0.26875 0.2890625
0 0.7328125 0.184375 0.36171875 0.2625
0 0.8375 0.290625 0.321875 0.215625
0 0.41640625 0.31953125 0.1734375 0.2421875
0 0.8296875 0.42265625 0.3375 0.1515625
0 0.42421875 0.43359375 0.1890625 0.1296875
0 0.51484375 0.453125 0.3453125 0.090625
0 0.1640625 0.928125 0.328125 0.140625
0 0.10546875 0.61640625 0.2109375 0.2203125
0 0.28046875 0.7703125 0.0953125 0.334375
0 0.1265625 0.7890625 0.253125 0.2875
0 0.79921875 0.8578125 0.3578125 0.28125