0 0.1625 0.19921875 0.171875 0.2296875
0 0.10859375 0.409375 0.1953125 0.078125
0 0.1609375 0.35078125 0.175 0.1953125
0 0.66796875 0.04296875 0.2109375 0.0859375
0 0.6421875 0.20078125 0.1125 0.20390625
0 0.7609375 0.10390625 0.17109375 0.18359375
0 0.12421875 0.740625 0.2484375 0.315625
0 0.103125 0.540625 0.20625 0.18125
0 0.496875 0.93671875 0.184375 0.1234375
0 0.68515625 0.94296875 0.1921875 0.1109375
0 0.409375 0.89765625 0.31875 0.1484375
0 0.72890625 0.784375 0.31484375 0.21328125
0 0.50390625 0.72109375 0.2125 0.24375