0 0.30078125 0.19453125 0.1328125 0.2234375
0 0.07890625 0.16484375 0.1578125 0.1984375
0 0.2078125 0.10625 0.22265625 0.20078125
0 0.3109375 0.10625 0.1125 0.2125
0 0.06328125 0.05 0.1265625 0.1
0 0.190625 0.04140625 0.225 0.0828125
0 0.1421875 0.2625 0.22265625 0.2453125
0 0.609375 0.41953125 0.18359375 0.25859375
0 0.79765625 0.40234375 0.190625 0.2
0 0.525 0.31171875 0.3125 0.1484375
0 0.84140625 0.1984375 0.31484375 0.21328125
0 0.61640625 0.13515625 0.2125 0.24375
0 0.05703125 0.88359375 0.1140625 0.2296875
0 0.753125 0.8765625 0.228125 0.24375
0 0.5234375 0.87421875 0.2296875 0.24140625
0 0.91875 0.80703125 0.159375 0.2390625
0 0.4734375 0.72421875 0.209375 0.2546875
0 0.72890625 0.7015625 0.2859375 0.225