0 0.11953125 0.06953125 0.2390625 0.1390625
0 0.05390625 0.23046875 0.1078125 0.3140625
0 0.2 0.19375 0.175 0.3875
0 0.45703125 0.1 0.18671875 0.10625
0 0.6453125 0.06640625 0.18046875 0.1078125
0 0.34375 0.05625 0.109375 0.10625
0 0.49140625 0.04375 0.1859375 0.0875
0 0.5734375 0.01328125 0.2 0.0265625
0 0.3671875 0.01328125 0.15625 0.0265625
0 0.259375 0.47890625 0.05625 0.1078125
0 0.1734375 0.43828125 0.1875 0.0984375
0 0.72578125 0.81953125 0.4703125 0.0984375
0 0.7609375 0.75234375 0.4703125 0.10546875
0 0.43828125 0.7234375 0.2984375 0.203125
0 0.771875 0.6859375 0.453125 0.1
0 0.79765625 0.57265625 0.4015625 0.1859375
0 0.48828125 0.51640625 0.3984375 0.2546875
0 0.68671875 0.86953125 0.46015625 0.08359375
0 0.3390625 0.83125 0.1 0.24375