0 0.1484375 0.140625 0.1 0.28125
0 0.07109375 0.1203125 0.1421875 0.240625
0 0.09921875 0.25859375 0.1984375 0.1796875
0 0.75546875 0.23515625 0.3359375 0.15703125
0 0.50703125 0.13515625 0.2453125 0.2015625
0 0.7125 0.08359375 0.2875 0.1671875
0 0.09140625 0.43671875 0.1828125 0.1734375
0 0.1171875 0.81640625 0.1625 0.2484375
0 0.09921875 0.61171875 0.1984375 0.2921875
0 0.6921875 0.83671875 0.18359375 0.25859375
0 0.50390625 0.81953125 0.190625 0.2
0 0.78515625 0.72890625 0.32890625 0.146875
0 0.46015625 0.615625 0.31484375 0.21328125
0 0.68515625 0.55234375 0.2125 0.24375