0 0.11875 0.3609375 0.2375 0.1
0 0.10078125 0.29296875 0.2015625 0.1078125
0 0.2953125 0.26328125 0.309375 0.2015625
0 0.090625 0.2265625 0.18125 0.1
0 0.065625 0.11328125 0.13125 0.1859375
0 0.240625 0.0921875 0.403125 0.184375
0 0.13515625 0.41015625 0.2703125 0.0859375
0 0.42734375 0.35859375 0.1796875 0.2171875
0 0.7765625 0.25859375 0.24453125 0.33125
0 0.94296875 0.23984375 0.1109375 0.3390625
0 0.8765625 0.13515625 0.23125 0.2703125
0 0.2125 0.78359375 0.1125 0.38359375
0 0.3671875 0.725 0.22109375 0.27109375
0 0.33984375 0.9296875 0.25390625 0.1390625
0 0.821875 0.5125 0.234375 0.0875
0 0.9015625 0.68984375 0.19375 0.1984375
0 0.821875 0.5953125 0.240625 0.253125