0 0.30703125 0.23203125 0.28125 0.17734375
0 0.40546875 0.37890625 0.1640625 0.1578125
0 0.17109375 0.3609375 0.1515625 0.19375
0 0.58671875 0.12734375 0.1953125 0.2234375
0 0.8796875 0.15546875 0.2375 0.1984375
0 0.7109375 0.2140625 0.22265625 0.20078125
0 0.5765625 0.26953125 0.175 0.3203125
0 0.89609375 0.3390625 0.2046875 0.2375
0 0.7296875 0.34765625 0.225 0.2203125
0 0.7765625 0.090625 0.225 0.18125
0 0.13203125 0.890625 0.2640625 0.215625
0 0.19921875 0.66015625 0.35546875 0.33125
0 0.684375 0.628125 0.390625 0.26875
0 0.81796875 0.89140625 0.3609375 0.2140625
0 0.53828125 0.565625 0.0984375 0.19375