0 0.1515625 0.30078125 0.303125 0.4578125
0 0.59375 0.51015625 0.153125 0.2765625
0 0.46953125 0.49765625 0.1640625 0.3015625
0 0.39140625 0.478125 0.0828125 0.340625
0 0.73515625 0.371875 0.16640625 0.38671875
0 0.50625 0.19921875 0.19375 0.3984375
0 0.65859375 0.1921875 0.1828125 0.384375
0 0.40234375 0.17890625 0.1046875 0.3578125
0 0.22109375 0.984375 0.1890625 0.028125
0 0.08125 0.9625 0.1625 0.071875
0 0.25546875 0.9453125 0.1859375 0.10625
0 0.29296875 0.9046875 0.1109375 0.090625
0 0.11171875 0.90234375 0.19296875 0.09296875
0 0.5703125 0.76015625 0.303125 0.2203125
0 0.49453125 0.69453125 0.2890625 0.0890625
0 0.80234375 0.946875 0.2671875 0.103125
0 0.72109375 0.896875 0.3234375 0.203125
0 0.64453125 0.80234375 0.2953125 0.3046875