0 0.13046875 0.0828125 0.2609375 0.165625
0 0.20859375 0.3046875 0.37734375 0.234375
0 0.6234375 0.43046875 0.21875 0.1953125
0 0.90390625 0.45078125 0.1890625 0.1546875
0 0.759375 0.47890625 0.225 0.0984375
0 0.59765625 0.47734375 0.2296875 0.1015625
0 0.825 0.375 0.22265625 0.2453125
0 0.26875 0.565625 0.259375 0.071875
0 0.065625 0.5890625 0.13125 0.11875
0 0.26953125 0.67890625 0.2578125 0.2984375
0 0.1234375 0.825 0.246875 0.309375
0 0.82578125 0.8421875 0.19453125 0.2765625
0 0.76875 0.92421875 0.184375 0.1484375