0 0.346875 0.24375 0.209375 0.128125
0 0.303125 0.36015625 0.24296875 0.14296875
0 0.37265625 0.0828125 0.1140625 0.165625
0 0.253125 0.16015625 0.17109375 0.18359375
0 0.9453125 0.2890625 0.10625 0.140625
0 0.76328125 0.325 0.30234375 0.140625
0 0.95703125 0.35625 0.0828125 0.125
0 0.7828125 0.38203125 0.2796875 0.15546875
0 0.8296875 0.434375 0.278125 0.10625
0 0.3546875 0.74375 0.25 0.509375
0 0.16015625 0.7546875 0.2453125 0.4875
0 0.94609375 0.77421875 0.1046875 0.4484375
0 0.81171875 0.7 0.3140625 0.421875