0 0.20625 0.19609375 0.36875 0.3921875
0 0.134375 0.4375 0.26875 0.18125
0 0.43671875 0.3890625 0.3234375 0.278125
0 0.6703125 0.3015625 0.140625 0.453125
0 0.80859375 0.3 0.2453125 0.45625
0 0.32578125 0.7796875 0.18671875 0.10625
0 0.5109375 0.746875 0.175 0.109375
0 0.1734375 0.7359375 0.18671875 0.10390625
0 0.36015625 0.70703125 0.184375 0.1171875
0 0.4421875 0.6609375 0.19921875 0.08828125
0 0.21640625 0.65859375 0.19296875 0.09296875
0 0.77109375 0.72265625 0.15390625 0.31796875
0 0.871875 0.69296875 0.1375 0.3265625
0 0.95546875 0.640625 0.0859375 0.221875