0 0.265625 0.2375 0.215625 0.340625
0 0.4765625 0.24765625 0.25 0.3203125
0 0.6125 0.26171875 0.13125 0.2921875
0 0.83359375 0.271875 0.1765625 0.271875
0 0.928125 0.29140625 0.140625 0.2328125
0 0.7265625 0.09453125 0.09375 0.1890625
0 0.76171875 0.18828125 0.1640625 0.2703125
0 0.3625 0.6765625 0.3015625 0.31953125
0 0.27421875 0.82265625 0.3140625 0.3515625
0 0.56953125 0.45 0.2171875 0.08125
0 0.51328125 0.5 0.3234375 0.18125
0 0.4359375 0.5859375 0.29375 0.30703125
0 0.8265625 0.896875 0.209375 0.128125
0 0.8703125 0.96953125 0.24375 0.0578125
0 0.8015625 0.71640625 0.1125 0.20390625
0 0.91640625 0.81328125 0.1640625 0.1859375