0 0.08515625 0.22421875 0.1703125 0.3234375
0 0.44921875 0.18359375 0.3984375 0.3671875
0 0.3046875 0.11484375 0.384375 0.2296875
0 0.3859375 0.48359375 0.253125 0.1296875
0 0.26875 0.44765625 0.25625 0.2015625
0 0.59765625 0.39609375 0.2015625 0.3046875
0 0.14140625 0.365625 0.2828125 0.290625
0 0.53125 0.284375 0.334375 0.328125
0 0.72578125 0.36796875 0.0515625 0.3609375
0 0.78203125 0.36875 0.0984375 0.359375
0 0.9546875 0.3625 0.0875 0.371875
0 0.871875 0.37421875 0.10625 0.3484375
0 0.30078125 0.63984375 0.27265625 0.16640625
0 0.5640625 0.6328125 0.26875 0.165625
0 0.4359375 0.58203125 0.29375 0.0640625
0 0.165625 0.57421875 0.296875 0.0484375
0 0.84921875 0.85 0.2984375 0.296875