0 0.421875 0.03515625 0.253125 0.0703125
0 0.16796875 0.028125 0.3359375 0.05625
0 0.14296875 0.11953125 0.2859375 0.1859375
0 0.37109375 0.17421875 0.3546875 0.2546875
0 0.84921875 0.18046875 0.2984375 0.3515625
0 0.65703125 0.2484375 0.2140625 0.315625
0 0.8921875 0.3546875 0.2125 0.146875
0 0.4265625 0.72890625 0.24375 0.5390625
0 0.43828125 0.4921875 0.2203125 0.125
0 0.22265625 0.625 0.3140625 0.390625
0 0.67578125 0.559375 0.2515625 0.259375
0 0.8640625 0.61328125 0.26875 0.3671875
0 0.834375 0.8484375 0.328125 0.3
0 0.6515625 0.89921875 0.203125 0.1984375