0 0.265625 0.25234375 0.24375 0.1921875
0 0.28515625 0.09765625 0.2046875 0.1953125
0 0.14453125 0.07578125 0.2890625 0.1515625
0 0.70703125 0.07265625 0.1203125 0.1453125
0 0.50859375 0.04375 0.1234375 0.0875
0 0.58125 0.29453125 0.125 0.1078125
0 0.48046875 0.2875 0.0921875 0.121875
0 0.4171875 0.2453125 0.05625 0.15
0 0.72109375 0.2078125 0.1265625 0.13203125
0 0.503125 0.2078125 0.11875 0.12578125
0 0.6375 0.13828125 0.096875 0.17421875
0 0.55546875 0.0765625 0.1171875 0.115625
0 0.11640625 0.6765625 0.2328125 0.115625
0 0.0671875 0.77109375 0.134375 0.1609375
0 0.51171875 0.678125 0.2453125 0.165625
0 0.74765625 0.67734375 0.2609375 0.1625
0 0.74921875 0.534375 0.2640625 0.1734375
0 0.51953125 0.51796875 0.2609375 0.1734375
0 0.50546875 0.39765625 0.2328125 0.0953125
0 0.75078125 0.403125 0.2765625 0.10625