0 0.1859375 0.1 0.371875 0.2
0 0.1671875 0.35 0.33125 0.37734375
0 0.3625 0.41953125 0.271875 0.4296875
0 0.8828125 0.39140625 0.23125 0.2703125
0 0.67734375 0.50234375 0.3234375 0.2484375
0 0.6734375 0.146875 0.25625 0.29375
0 0.1 0.69453125 0.2 0.0890625
0 0.315625 0.69453125 0.23125 0.0890625
0 0.3796875 0.77265625 0.2375 0.2453125
0 0.1265625 0.81015625 0.253125 0.2640625
0 0.38046875 0.90859375 0.2359375 0.1796875
0 0.81875 0.865625 0.31875 0.175
0 0.83203125 0.94765625 0.3328125 0.1015625
0 0.66875 0.68359375 0.3375 0.0671875