0 0.14921875 0.17578125 0.2609375 0.1625
0 0.1515625 0.06015625 0.265625 0.1203125
0 0.8890625 0.3046875 0.21875 0.125
0 0.05625 0.9515625 0.1125 0.09375
0 0.1984375 0.92890625 0.184375 0.1390625
0 0.3015625 0.78984375 0.2046875 0.2984375
0 0.084375 0.74765625 0.16875 0.3203125
0 0.25703125 0.56484375 0.23984375 0.34921875
0 0.11015625 0.46796875 0.2203125 0.1984375
0 0.7640625 0.6453125 0.3015625 0.31953125
0 0.67578125 0.521875 0.3140625 0.30625
0 0.93046875 0.91484375 0.1359375 0.1671875
0 0.87578125 0.86484375 0.2453125 0.2671875
0 0.8375 0.7359375 0.29375 0.30703125